1341846313.592026 -0.760061 -3.189305 1.883575
1341846313.654184 -0.753877 -3.193814 1.891431
1341846313.686156 -0.748303 -3.196120 1.892251
1341846313.721918 -0.743810 -3.201100 1.893289
1341846313.753994 -0.741464 -3.202898 1.901437
1341846313.789969 -0.738857 -3.200946 1.901074
1341846313.822075 -0.739769 -3.200651 1.897584
1341846313.853928 -0.761340 -3.205096 1.877465
1341846313.890011 -0.773554 -3.202358 1.872675
1341846313.922055 -0.799500 -3.201170 1.862571
1341846313.957927 -0.813487 -3.198862 1.837988
1341846313.990058 -0.810894 -3.189271 1.839688
1341846314.022042 -0.849640 -3.186206 1.816196
1341846314.057816 -0.853688 -3.176234 1.798499
1341846314.089801 -0.878059 -3.175064 1.774174
1341846314.122037 -0.894919 -3.168869 1.769128
1341846314.157989 -0.923769 -3.166003 1.738771
1341846314.190094 -0.937932 -3.165585 1.726551
1341846314.225969 -0.970721 -3.164409 1.696249
1341846314.257923 -0.964148 -3.158183 1.688870
1341846314.290052 -0.959111 -3.160364 1.685861
1341846314.325981 -0.984048 -3.160416 1.648414
1341846314.357905 -0.980266 -3.160612 1.638310
1341846314.389899 -0.976209 -3.154139 1.641630
1341846314.427905 -0.981999 -3.158237 1.629181
1341846314.493987 -1.012041 -3.152875 1.562828
1341846314.526085 -1.024208 -3.158365 1.550827
1341846314.558292 -1.013882 -3.159077 1.555685
1341846314.594085 -1.008884 -3.160361 1.539906
1341846314.626096 -1.033803 -3.165525 1.526149
1341846314.658455 -1.063417 -3.155615 1.513590
1341846314.694004 -1.037032 -3.155101 1.525377
1341846314.725910 -1.029349 -3.157984 1.509222
1341846314.761942 -1.037330 -3.163455 1.505738
1341846314.794030 -1.031836 -3.166852 1.496854
1341846314.826092 -1.062848 -3.155226 1.472911
1341846314.862145 -1.073784 -3.158059 1.459334
1341846314.894072 -1.077255 -3.157347 1.452995
1341846314.925969 -1.107427 -3.129987 1.421449
1341846314.961937 -1.121317 -3.128771 1.415830
1341846314.994564 -1.102481 -3.134369 1.416855
1341846315.029900 -1.122513 -3.129826 1.348515
1341846315.061965 -1.130766 -3.127913 1.339624
1341846315.094388 -1.120541 -3.128998 1.337493
1341846315.129851 -1.118090 -3.130497 1.314217
1341846315.161941 -1.224472 -3.080909 1.280824
1341846315.197984 -1.205154 -3.083876 1.276176
1341846315.230076 -1.207896 -3.088938 1.274637
1341846315.262069 -1.201539 -3.089003 1.250041
1341846315.298000 -1.193472 -3.091340 1.246075
1341846315.329931 -1.169546 -3.104422 1.217954
1341846315.361981 -1.197033 -3.079803 1.185839
1341846315.397962 -1.199345 -3.074744 1.164934
1341846315.429923 -1.203013 -3.068197 1.145681
1341846315.466047 -1.249913 -3.041735 1.120436
1341846315.497883 -1.255899 -3.042907 1.115786
1341846315.530008 -1.256160 -3.032783 1.110814
1341846315.566108 -1.246886 -3.024783 1.092505
1341846315.597986 -1.256629 -3.012440 1.074165
1341846315.630109 -1.253570 -3.009932 1.074511
1341846315.666042 -1.269170 -2.997565 1.093500
1341846315.698114 -1.276821 -2.985885 1.067210
1341846315.733985 -1.258890 -2.990745 1.095703
1341846315.766041 -1.265107 -3.004042 1.072268
1341846315.798188 -1.262292 -2.996199 1.060069
1341846315.834140 -1.254953 -3.000676 1.044230
1341846315.866751 -1.258139 -2.997010 1.048873
1341846315.898492 -1.236604 -3.017345 1.044435
1341846315.936901 -1.234125 -3.013022 1.034769
1341846315.966572 -1.235888 -3.018510 1.036169
1341846316.034204 -1.324845 -2.900884 1.072988
1341846316.066113 -1.327868 -2.889805 1.065617
1341846316.101867 -1.329411 -2.883551 1.053683
1341846316.134066 -1.318764 -2.951317 1.081063
1341846316.202049 -1.323204 -2.935027 1.078514
1341846316.233979 -1.334432 -2.943423 1.087443
1341846316.270052 -1.291452 -2.964767 1.033083
1341846316.301915 -1.285239 -2.945917 1.036796
1341846316.334208 -1.274091 -2.960850 1.030679
1341846316.370006 -1.298657 -2.943522 1.026529
1341846316.401994 -1.306620 -2.951609 1.032946
1341846316.438069 -1.265516 -2.981303 1.100428
1341846316.470076 -1.258434 -2.983909 1.110889
1341846316.502034 -1.262836 -2.990585 1.128875
1341846316.537975 -1.246860 -3.008986 1.162011
1341846316.570121 -1.247466 -3.005094 1.130547
1341846316.601885 -1.227003 -3.015694 1.154192
1341846316.638009 -1.214346 -3.012806 1.168139
1341846316.669925 -1.196027 -3.023201 1.185494
1341846316.705941 -1.201657 -3.020095 1.177204
1341846316.738062 -1.196205 -3.038464 1.197632
1341846316.770433 -1.208549 -3.029403 1.191495
1341846316.805932 -1.202412 -3.026787 1.199052
1341846316.838029 -1.197853 -3.030490 1.214492
1341846316.870034 -1.184302 -3.041845 1.211300
1341846316.906344 -1.183527 -3.045497 1.219180
1341846316.937940 -1.175599 -3.050782 1.226271
1341846316.973994 -1.173110 -3.055911 1.235126
1341846317.005913 -1.172831 -3.058104 1.232770
1341846317.037936 -1.160730 -3.062056 1.239445
1341846317.073972 -1.159188 -3.057681 1.237399
1341846317.106113 -1.153933 -3.062855 1.247980
1341846317.137887 -1.146996 -3.070703 1.263260
1341846317.173970 -1.148357 -3.077415 1.262479
1341846317.205887 -1.156719 -3.085512 1.256688
1341846317.248131 -1.144958 -3.086327 1.260488
1341846317.306289 -1.164434 -3.082406 1.248822
1341846317.348137 -1.140374 -3.078801 1.269624
1341846317.410120 -1.173882 -3.081812 1.273543
1341846317.442569 -1.176337 -3.079764 1.268316
1341846317.474010 -1.187166 -3.069427 1.267914
1341846317.509927 -1.115742 -3.155486 1.258590
1341846317.542282 -1.113844 -3.159132 1.264803
1341846317.573943 -1.120534 -3.151759 1.254707
1341846317.610159 -1.119039 -3.153434 1.242426
1341846317.643553 -1.114928 -3.169845 1.251445
1341846317.677993 -1.107609 -3.174365 1.246730
1341846317.709996 -1.110480 -3.176174 1.249009
1341846317.741834 -1.103092 -3.189077 1.260863
1341846317.777923 -1.098591 -3.192617 1.264704
1341846317.810021 -1.085078 -3.197289 1.268102
1341846317.841886 -1.073162 -3.204557 1.276701
1341846317.878017 -1.077422 -3.219918 1.271181
1341846317.909910 -1.066114 -3.204891 1.287846
1341846317.946031 -1.050156 -3.206555 1.297606
1341846317.978041 -1.030099 -3.211282 1.326836
1341846318.009897 -1.032708 -3.212036 1.328459
1341846318.045949 -1.028233 -3.218974 1.346953
1341846318.078074 -1.010085 -3.218541 1.370085
1341846318.109894 -1.004913 -3.218595 1.384021
1341846318.145957 -1.004948 -3.220440 1.380510
1341846318.178001 -1.000110 -3.220438 1.383191
1341846318.214074 -0.978146 -3.218806 1.417657
1341846318.245970 -0.961674 -3.215731 1.428211
1341846318.278018 -0.961922 -3.217423 1.433218
1341846318.313937 -0.955726 -3.223370 1.447177
1341846318.345989 -0.944484 -3.221372 1.452697
1341846318.382046 -0.941969 -3.221207 1.460997
1341846318.414072 -0.944208 -3.225912 1.460475
1341846318.446035 -0.930180 -3.224557 1.471995
1341846318.482196 -0.930120 -3.228272 1.477515
1341846318.514144 -0.929931 -3.233068 1.471173
1341846318.546259 -0.925880 -3.232427 1.476506
1341846318.582042 -0.937271 -3.241888 1.468288
1341846318.614115 -0.936675 -3.246767 1.472026
1341846318.650038 -0.943804 -3.251870 1.465000
1341846318.682350 -0.944817 -3.263193 1.467492
1341846318.714063 -0.955316 -3.264980 1.464400
1341846318.749905 -0.948680 -3.275087 1.438971
1341846318.782036 -0.957830 -3.292726 1.433777
1341846318.814121 -0.966173 -3.295519 1.426506
1341846318.850072 -0.993001 -3.270530 1.406657
1341846318.883516 -1.008914 -3.266739 1.403102
1341846318.918047 -1.020522 -3.272694 1.387547
1341846318.950044 -1.023420 -3.267366 1.387674
1341846318.982028 -1.031040 -3.274022 1.388278
1341846319.018123 -1.028310 -3.270438 1.391188
1341846319.050745 -1.022234 -3.266083 1.386233
1341846319.081905 -1.036423 -3.273103 1.373795
1341846319.117976 -1.057204 -3.264083 1.356918
1341846319.150093 -1.083601 -3.253572 1.339914
1341846319.186069 -1.105347 -3.260187 1.303747
1341846319.218149 -1.140197 -3.281644 1.277610
1341846319.250034 -1.161071 -3.254290 1.259037
1341846319.286594 -1.198897 -3.227311 1.241197
1341846319.318034 -1.224710 -3.216951 1.222750
1341846319.350268 -1.259790 -3.198132 1.203841
1341846319.386163 -1.272323 -3.185713 1.189582
1341846319.418386 -1.304747 -3.184710 1.163056
1341846319.453961 -1.322384 -3.186794 1.154738
1341846319.486271 -1.320981 -3.199747 1.163263
1341846319.554083 -1.323345 -3.201386 1.164291
1341846319.586296 -1.342332 -3.198543 1.160255
1341846319.622031 -1.355862 -3.197059 1.150988
1341846319.653962 -1.359966 -3.183550 1.147656
1341846319.686352 -1.358839 -3.175867 1.151228
1341846319.721992 -1.364511 -3.182820 1.148302
1341846319.754063 -1.373045 -3.197077 1.112364
1341846319.786397 -1.365350 -3.185623 1.120068
1341846319.822008 -1.367774 -3.184286 1.119974
1341846319.853917 -1.371006 -3.191702 1.118014
1341846319.889942 -1.401165 -3.181449 1.139746
1341846319.922039 -1.417575 -3.160318 1.116068
1341846319.953946 -1.415671 -3.164730 1.124191
1341846319.990054 -1.399720 -3.162017 1.121570
1341846320.028122 -1.404897 -3.163211 1.124647
1341846320.090047 -1.342108 -3.162588 1.123278
1341846320.122011 -1.336510 -3.167477 1.125283
1341846320.157952 -1.324754 -3.163721 1.132618
1341846320.190003 -1.311532 -3.167262 1.146966
1341846320.221941 -1.303775 -3.167064 1.162630
1341846320.258015 -1.323275 -3.176182 1.174832
1341846320.289887 -1.297135 -3.175806 1.206598
1341846320.321954 -1.286190 -3.183099 1.205568
1341846320.357890 -1.258556 -3.198145 1.208029
1341846320.390064 -1.237130 -3.215010 1.230576
1341846320.426544 -1.227430 -3.244651 1.268003
1341846320.458122 -1.185708 -3.266385 1.304619
1341846320.490186 -1.119086 -3.268880 1.352380
1341846320.525911 -1.072367 -3.296241 1.385322
1341846320.558091 -1.017269 -3.297107 1.411325
1341846320.594093 -0.966064 -3.296833 1.437866
1341846320.631955 -0.923256 -3.302534 1.443477
1341846320.664916 -0.898747 -3.307913 1.454197
1341846320.699927 -0.861521 -3.300394 1.476380
1341846320.731822 -0.827332 -3.296536 1.494836
1341846320.763877 -0.787130 -3.297682 1.500806
1341846320.799999 -0.765433 -3.267982 1.520215
1341846320.831871 -0.727190 -3.257903 1.558924
1341846320.863887 -0.676006 -3.250011 1.588805
1341846320.900014 -0.641216 -3.247895 1.621909
1341846320.931889 -0.603463 -3.226122 1.618562
1341846320.967866 -0.562098 -3.262436 1.670088
1341846321.000017 -0.529850 -3.251032 1.699814
1341846321.031860 -0.489214 -3.252655 1.736219
1341846321.068047 -0.448888 -3.251170 1.750756
1341846321.099840 -0.408419 -3.246889 1.761246
1341846321.131821 -0.366806 -3.240318 1.779554
1341846321.167887 -0.327104 -3.241285 1.803907
1341846321.200042 -0.275408 -3.239583 1.826144
1341846321.231950 -0.261441 -3.229885 1.829223
1341846321.267939 -0.230173 -3.249326 1.852776
1341846321.299948 -0.209087 -3.234690 1.856177
1341846321.331858 -0.181276 -3.233065 1.872429
1341846321.367913 -0.160975 -3.225493 1.895667
1341846321.399897 -0.106449 -3.221637 1.909268
1341846321.435994 -0.066301 -3.211968 1.930224
1341846321.467946 -0.026747 -3.200008 1.943204
1341846321.499882 -0.002318 -3.192168 1.963105
1341846321.536109 0.018293 -3.220346 1.999183
1341846321.568960 0.016881 -3.189527 2.007407
1341846321.603938 0.045672 -3.196752 2.005228
1341846321.637163 0.040146 -3.222912 1.998957
1341846321.668306 0.015192 -3.187154 1.978175
1341846321.704411 0.018196 -3.183503 1.979100
1341846321.736861 0.039226 -3.175313 1.983694
1341846321.771881 0.058853 -3.179782 1.988959
1341846321.804114 0.069214 -3.177373 1.993801
1341846321.836152 0.071801 -3.182573 1.977267
1341846321.871882 0.064453 -3.172874 1.957326
1341846321.904074 0.070569 -3.175895 1.956606
1341846321.939847 0.082139 -3.167878 1.966044
1341846322.004094 0.074760 -3.163304 1.959249
1341846322.066178 0.075478 -3.166228 1.976224
1341846322.107979 0.056825 -3.155308 1.997292
1341846322.166164 0.064402 -3.146290 2.021623
1341846322.202932 0.060836 -3.147840 2.023931
1341846322.234093 0.054789 -3.148872 2.037188
1341846322.265941 0.049515 -3.144718 2.044636
1341846322.301996 0.052773 -3.145513 2.047042
1341846322.333949 -0.004345 -3.143700 2.086618
1341846322.369871 0.019279 -3.136244 2.100901
1341846322.402292 0.022627 -3.142606 2.103481
1341846322.433955 -0.033967 -3.134276 2.101770
1341846322.470030 -0.071332 -3.121003 2.119854
1341846322.502433 -0.060473 -3.114624 2.132668
1341846322.534002 -0.093842 -3.106639 2.135995
1341846322.570196 -0.076751 -3.124632 2.130456
1341846322.601920 -0.100042 -3.119162 2.130211
1341846322.638119 0.005184 -3.130957 2.086632
1341846322.669947 -0.004117 -3.123668 2.147881
1341846322.702026 -0.007026 -3.115447 2.142593
1341846322.738006 -0.012331 -3.103375 2.159391
1341846322.770087 -0.009555 -3.107606 2.139414
1341846322.806047 -0.009028 -3.102211 2.127841
1341846322.838063 -0.012578 -3.113106 2.122486
1341846322.870081 -0.035463 -3.104749 2.126271
1341846322.906018 -0.040229 -3.101905 2.114636
1341846322.938349 -0.044108 -3.097604 2.111785
1341846322.970069 -0.039060 -3.100393 2.112683
1341846323.011820 -0.034509 -3.099635 2.112094
1341846323.073951 -0.034816 -3.099534 2.103931
1341846323.105962 -0.040261 -3.096925 2.093727
1341846323.138158 -0.036085 -3.102346 2.095651
1341846323.174092 -0.040312 -3.099138 2.101258
1341846323.206059 -0.032820 -3.102223 2.098331
1341846323.238053 -0.025811 -3.104113 2.094565
1341846323.273997 -0.024342 -3.104951 2.097590
1341846323.305946 -0.028165 -3.099604 2.094984
1341846323.342027 -0.061806 -3.091380 2.107572
1341846323.374048 -0.054943 -3.093061 2.106240
1341846323.405987 -0.039819 -3.110454 2.095837
1341846323.441956 -0.051247 -3.093087 2.102909
1341846323.473878 -0.051162 -3.099136 2.093004
1341846323.506129 -0.041625 -3.099856 2.090308
1341846323.541972 -0.043015 -3.099591 2.092895
1341846323.573913 -0.062374 -3.107539 2.084638
1341846323.609927 -0.053192 -3.100383 2.099990
1341846323.642014 -0.073016 -3.093326 2.114433
1341846323.674081 -0.071888 -3.090995 2.122102
1341846323.710069 -0.076672 -3.097504 2.121657
1341846323.742111 -0.085851 -3.090415 2.166231
1341846323.774928 -0.062928 -3.101915 2.128692
1341846323.810012 -0.078944 -3.096028 2.155844
1341846323.842207 -0.083646 -3.097138 2.163436
1341846323.878019 -0.091424 -3.097218 2.161391
1341846323.909826 -0.116936 -3.088598 2.191549
1341846323.942459 -0.116480 -3.092689 2.182469
1341846323.978055 -0.113773 -3.089637 2.179488
1341846324.015934 -0.124034 -3.091248 2.180010
1341846324.047722 -0.150802 -3.085004 2.195037
1341846324.083904 -0.118104 -3.088633 2.171033
1341846324.115968 -0.119329 -3.095045 2.173097
1341846324.151967 -0.124768 -3.087430 2.174272
1341846324.183941 -0.112054 -3.091708 2.158988
1341846324.219984 -0.104315 -3.091498 2.158748
1341846324.251968 -0.116229 -3.095422 2.160561
1341846324.284052 -0.119056 -3.093960 2.139733
1341846324.319880 -0.101754 -3.093340 2.118342
1341846324.351917 -0.068814 -3.107533 2.110740
1341846324.388001 -0.072377 -3.109067 2.109874
1341846324.419908 -0.079141 -3.101273 2.090695
1341846324.452027 -0.063748 -3.102049 2.095724
1341846324.487928 -0.064647 -3.112516 2.094503
1341846324.519985 -0.057702 -3.114043 2.094511
1341846324.556001 -0.071428 -3.108830 2.066600
1341846324.587888 -0.071478 -3.105602 2.066738
1341846324.620086 -0.059247 -3.100828 2.067567
1341846324.655955 -0.055634 -3.101221 2.067980
1341846324.688082 -0.052278 -3.096041 2.067751
1341846324.755922 -0.033661 -3.108570 2.028791
1341846324.814016 -0.001127 -3.128993 1.972580
1341846324.849979 -0.004016 -3.111971 1.982165
1341846324.881924 -0.005653 -3.105869 1.997344
1341846324.913902 -0.007687 -3.100411 2.007642
1341846324.949999 -0.003889 -3.100917 1.997699
1341846324.981922 -0.033570 -3.102462 1.981101
1341846325.018013 -0.034719 -3.093770 2.037229
1341846325.050079 -0.063724 -3.095239 2.037065
1341846325.081901 -0.054875 -3.098372 2.015701
1341846325.118531 -0.046388 -3.106441 2.014767
1341846325.149933 -0.030420 -3.100514 2.031222
1341846325.181925 -0.032938 -3.101863 2.023872
1341846325.218055 -0.039576 -3.097416 2.042422
1341846325.249811 -0.024945 -3.099306 2.037869
1341846325.285925 -0.014786 -3.094081 2.028708
1341846325.317988 -0.000807 -3.090721 2.065284
1341846325.349844 -0.022054 -3.091602 2.060983
1341846325.387302 -0.031228 -3.089713 2.064157
1341846325.417931 -0.009210 -3.102202 2.062586
1341846325.450747 0.021030 -3.107820 2.051713
1341846325.485954 0.000048 -3.092123 1.991394
1341846325.517875 0.006766 -3.094014 1.996235
1341846325.553859 0.003054 -3.096400 1.996515
1341846325.585855 0.018029 -3.083440 2.015791
1341846325.617990 0.040756 -3.098555 1.955446
1341846325.653982 0.018009 -3.089242 1.963233
1341846325.685819 0.010408 -3.091688 1.974192
1341846325.717857 0.030382 -3.085674 1.968243
1341846325.754083 0.021675 -3.088786 1.965252
1341846325.786087 0.019313 -3.092211 1.966724
1341846325.821856 0.055349 -3.097791 1.941758
1341846325.853827 0.044154 -3.092059 1.936188
1341846325.885958 0.059651 -3.096740 1.883640
1341846325.921984 0.077943 -3.094053 1.893713
1341846325.953899 0.075094 -3.095852 1.908305
1341846325.985823 0.065328 -3.092584 1.901357
1341846326.021991 0.064124 -3.090693 1.918123
1341846326.054055 0.064758 -3.094616 1.904385
1341846326.089984 0.092003 -3.094597 1.893278
1341846326.121822 0.086374 -3.091730 1.898175
1341846326.154079 0.079126 -3.088660 1.890466
1341846326.190178 0.097667 -3.096649 1.827234
1341846326.222162 0.108149 -3.100490 1.783358
1341846326.259181 0.097540 -3.096945 1.802670
1341846326.322766 0.126744 -3.092575 1.789013
1341846326.359773 0.126848 -3.090944 1.796175
1341846326.392109 0.131606 -3.085804 1.822833
1341846326.423985 0.128802 -3.079830 1.810849
1341846326.459869 0.125940 -3.084625 1.795799
1341846326.526163 0.136194 -3.085053 1.794586
1341846326.560211 0.155537 -3.076343 1.770208
1341846326.591828 0.175069 -3.078195 1.776294
1341846326.627027 0.164311 -3.081238 1.776024
1341846326.658442 0.156651 -3.088579 1.776871
1341846326.694856 0.185870 -3.086452 1.734217
1341846326.726206 0.180642 -3.082534 1.707482
1341846326.762753 0.198647 -3.084750 1.705328
1341846326.826821 0.175835 -3.084793 1.687856
1341846326.858887 0.175595 -3.068659 1.718229
1341846326.895360 0.209485 -3.069148 1.698808
1341846326.926897 0.243162 -3.069098 1.697251
1341846326.958888 0.255034 -3.076629 1.690668
1341846326.994594 0.258884 -3.077703 1.697074
1341846327.026301 0.228592 -3.074082 1.699196
1341846327.063945 0.194618 -3.080975 1.652891
1341846327.094662 0.238534 -3.071970 1.694469
1341846327.128901 0.244158 -3.067156 1.670537
1341846327.161940 0.204607 -3.069798 1.641799
1341846327.193867 0.182121 -3.075262 1.612451
1341846327.229885 0.154686 -3.084042 1.585460
1341846327.262014 0.116912 -3.089578 1.546459
1341846327.294023 0.077121 -3.092009 1.518883
1341846327.330015 0.058292 -3.109412 1.502642
1341846327.361939 0.008834 -3.107406 1.454224
1341846327.393887 -0.017635 -3.105456 1.419766
1341846327.429966 -0.056005 -3.110229 1.410353
1341846327.461965 -0.081113 -3.110835 1.409815
1341846327.497931 -0.126601 -3.090178 1.388478
1341846327.530068 -0.164973 -3.077457 1.370333
1341846327.561895 -0.185415 -3.065548 1.336741
1341846327.598010 -0.186393 -3.066151 1.332866
1341846327.629945 -0.192395 -3.069011 1.328094
1341846327.662003 -0.206517 -3.064940 1.308447
1341846327.697919 -0.219319 -3.071306 1.276452
1341846327.730075 -0.252401 -3.075757 1.244480
1341846327.766017 -0.280356 -3.072130 1.227905
1341846327.797917 -0.262616 -3.079676 1.221260
1341846327.830054 -0.263496 -3.076049 1.221605
1341846327.865944 -0.245772 -3.079025 1.219599
1341846327.898010 -0.248792 -3.079710 1.204961
1341846327.929991 -0.250277 -3.083978 1.199757
1341846327.966065 -0.232591 -3.082557 1.199645
1341846327.998073 -0.245730 -3.074656 1.197569
1341846328.034045 -0.233150 -3.084748 1.185412
1341846328.065993 -0.234811 -3.085609 1.198410
1341846328.098045 -0.237576 -3.071795 1.218922
1341846328.133967 -0.248818 -3.073098 1.211981
1341846328.166023 -0.246332 -3.074678 1.213200
1341846328.198018 -0.258140 -3.074165 1.225151
1341846328.234044 -0.265986 -3.071666 1.228783
1341846328.265899 -0.266800 -3.070355 1.240032
1341846328.302051 -0.275735 -3.070069 1.237384
1341846328.333917 -0.304462 -3.050606 1.225385
1341846328.366008 -0.325097 -3.032890 1.196267
1341846328.402010 -0.373884 -3.002851 1.187470
1341846328.433920 -0.396623 -3.000562 1.184163
1341846328.470003 -0.414711 -2.972833 1.178727
1341846328.502194 -0.386308 -2.995658 1.197025
1341846328.534033 -0.409882 -2.974651 1.194367
1341846328.570125 -0.415157 -2.988833 1.245854
1341846328.602804 -0.410159 -2.978012 1.257583
1341846328.672663 -0.409525 -2.975606 1.268156
1341846328.702975 -0.439853 -2.954511 1.276080
1341846328.770129 -0.447718 -2.961124 1.288392
1341846328.802331 -0.438895 -2.953966 1.297581
1341846328.838051 -0.444072 -2.957204 1.293575
1341846328.869939 -0.442423 -2.960753 1.293877
1341846328.904486 -0.457048 -2.950300 1.287201
1341846328.939814 -0.448488 -2.955347 1.303093
1341846328.970217 -0.464343 -2.951835 1.300065
1341846329.006232 -0.466393 -2.947230 1.287155
1341846329.038243 -0.457909 -2.946934 1.299296
1341846329.106125 -0.463460 -2.958295 1.304913
1341846329.138340 -0.451651 -2.960165 1.309453
1341846329.169991 -0.465069 -2.963708 1.325944
1341846329.208656 -0.469935 -2.961959 1.327256
1341846329.238169 -0.474943 -2.965362 1.327051
1341846329.273827 -0.482353 -2.966062 1.331476
1341846329.306052 -0.477936 -2.968517 1.326696
1341846329.338104 -0.468942 -2.976873 1.335511
1341846329.373907 -0.492635 -2.972831 1.361862
1341846329.405985 -0.492536 -2.972113 1.355432
1341846329.442057 -0.495783 -2.972930 1.360435
1341846329.473950 -0.507024 -2.974179 1.362270
1341846329.506147 -0.500441 -2.975744 1.355684
1341846329.542121 -0.512401 -2.976251 1.372964
1341846329.574086 -0.516019 -2.980444 1.404658
1341846329.606387 -0.518177 -2.984728 1.395713
1341846329.641955 -0.534905 -2.984143 1.390636
1341846329.681570 -0.540728 -2.977626 1.410494
1341846329.748113 -0.538337 -2.981947 1.400477
1341846329.810175 -0.567976 -2.975222 1.444411
1341846329.842255 -0.585048 -2.966831 1.451318
1341846329.874044 -0.581317 -2.967457 1.444558
1341846329.910073 -0.568806 -2.970630 1.446814
1341846329.942009 -0.573854 -2.971073 1.440371
1341846329.978087 -0.584352 -2.965302 1.450316
1341846330.016305 -0.581146 -2.976722 1.435140
1341846330.048192 -0.579473 -2.976661 1.417670
1341846330.080418 -0.583852 -2.976855 1.450280
1341846330.115886 -0.597983 -2.971744 1.459590
1341846330.147839 -0.587621 -2.980529 1.428450
1341846330.181257 -0.574818 -2.993733 1.432429
1341846330.215852 -0.573770 -2.985158 1.443123
1341846330.247833 -0.588187 -2.982738 1.443780
1341846330.283913 -0.597447 -2.980472 1.429134
1341846330.316011 -0.602319 -2.974601 1.457284
1341846330.347868 -0.607112 -2.973980 1.463750
1341846330.383835 -0.602133 -2.978195 1.464928
1341846330.415934 -0.603388 -2.975722 1.463031
1341846330.452561 -0.603000 -2.976688 1.458856
1341846330.483903 -0.603782 -2.980197 1.458672
1341846330.515970 -0.625703 -2.971883 1.476654
1341846330.552099 -0.623471 -2.974805 1.474906
1341846330.583876 -0.621999 -2.979303 1.471128
1341846330.619992 -0.625319 -2.987970 1.464012
1341846330.652136 -0.625384 -2.984887 1.474373
1341846330.683796 -0.635215 -2.989755 1.477801
1341846330.719991 -0.637979 -2.991020 1.483632
1341846330.752103 -0.647511 -2.996755 1.492801
1341846330.787952 -0.653986 -3.010956 1.501150
1341846330.819823 -0.659099 -3.013899 1.500977
1341846330.852208 -0.655345 -3.013084 1.490560
1341846330.914111 -0.662447 -3.015893 1.486900
1341846330.949903 -0.669681 -3.005154 1.475860
1341846330.981986 -0.673592 -3.014699 1.477886
1341846331.014111 -0.662695 -3.018701 1.455373
1341846331.082139 -0.674182 -3.022059 1.475439
1341846331.114334 -0.688205 -3.020857 1.468065
1341846331.149989 -0.686231 -3.018904 1.469431
1341846331.181954 -0.686449 -3.022317 1.475141
1341846331.218151 -0.693495 -3.035409 1.461049
1341846331.249914 -0.694056 -3.039831 1.463541
1341846331.318141 -0.686192 -3.027052 1.458562
1341846331.349926 -0.700436 -3.029119 1.446170
1341846331.382003 -0.725803 -3.029182 1.431628
1341846331.418008 -0.715580 -3.041260 1.452053
1341846331.450327 -0.731531 -3.034820 1.448275
1341846331.486219 -0.723484 -3.037899 1.445890
1341846331.518344 -0.747470 -3.036315 1.436298
1341846331.550202 -0.775205 -3.015409 1.424453
1341846331.586139 -0.758817 -3.020014 1.417870
1341846331.617931 -0.739620 -3.009007 1.433368
1341846331.654027 -0.740352 -3.003815 1.422396
1341846331.686123 -0.737766 -2.997185 1.399139
1341846331.717954 -0.724661 -2.997613 1.399813
1341846331.754076 -0.743119 -2.974100 1.404082
1341846331.785920 -0.725448 -2.951810 1.430148
1341846331.818053 -0.728844 -2.952523 1.420531
1341846331.853849 -0.733930 -2.940400 1.416869
1341846331.885987 -0.721320 -2.935625 1.434797
1341846331.922014 -0.727145 -2.928318 1.421036
1341846331.954037 -0.744467 -2.904118 1.415002
1341846331.986135 -0.747250 -2.902609 1.413050
1341846332.022364 -0.746640 -2.893722 1.407456
1341846332.054175 -0.764509 -2.886820 1.400541
1341846332.086502 -0.726727 -2.876333 1.430805
1341846332.122051 -0.743901 -2.859938 1.419747
1341846332.153983 -0.724239 -2.854981 1.397387
1341846332.190165 -0.721561 -2.840292 1.395562
1341846332.254145 -0.699567 -2.813557 1.431893
1341846332.289948 -0.718169 -2.798247 1.421846
1341846332.322172 -0.692997 -2.792418 1.420631
1341846332.354003 -0.683506 -2.787311 1.442769
1341846332.390180 -0.700475 -2.787183 1.424819
1341846332.422055 -0.728105 -2.771373 1.414597
1341846332.458114 -0.750257 -2.759146 1.412221
1341846332.489993 -0.732424 -2.740642 1.395809
1341846332.522130 -0.723313 -2.732483 1.380745
1341846332.558114 -0.732141 -2.727909 1.369205
1341846332.589874 -0.732624 -2.731942 1.359595
1341846332.621889 -0.734634 -2.724266 1.344665
1341846332.658202 -0.740763 -2.718765 1.336251
1341846332.690001 -0.737721 -2.700817 1.324088
1341846332.726000 -0.745671 -2.685966 1.317781
1341846332.758386 -0.744668 -2.686399 1.318521
1341846332.789937 -0.744348 -2.699519 1.326936
1341846332.825925 -0.750531 -2.687104 1.327919
1341846332.857898 -0.759494 -2.677339 1.320564
1341846332.894069 -0.764860 -2.683208 1.313472
1341846332.926029 -0.775188 -2.681374 1.308099
1341846332.958015 -0.793350 -2.665306 1.300481
1341846332.994073 -0.812798 -2.657059 1.288700
1341846333.026545 -0.831788 -2.652010 1.288143
1341846333.057998 -0.852087 -2.632679 1.257910
1341846333.094024 -0.872751 -2.615703 1.237761
1341846333.126095 -0.908539 -2.603512 1.218882
1341846333.161973 -0.935778 -2.581260 1.195724
1341846333.195660 -0.966466 -2.559849 1.177627
1341846333.226331 -0.996548 -2.537964 1.151650
1341846333.262056 -1.023081 -2.520930 1.106925
1341846333.294147 -1.054479 -2.485241 1.090920
1341846333.326100 -1.052629 -2.473465 1.074080
1341846333.362100 -1.071621 -2.464172 1.062098
1341846333.394119 -1.058887 -2.461681 1.056188
1341846333.429974 -1.062938 -2.458299 1.051213
1341846333.462115 -1.086217 -2.448325 1.064111
1341846333.494040 -1.097271 -2.437041 1.051730
1341846333.529953 -1.098481 -2.436684 1.030273
1341846333.562063 -1.112472 -2.422691 1.006634
1341846333.594090 -1.131335 -2.408004 0.980475
1341846333.629994 -1.149384 -2.395879 0.961583
1341846333.662127 -1.164434 -2.387322 0.949188
1341846333.697964 -1.178109 -2.369583 0.930677
1341846333.730092 -1.189455 -2.368216 0.917607
1341846333.762089 -1.201590 -2.359131 0.914978
1341846333.798006 -1.216013 -2.347691 0.899348
1341846333.830055 -1.233101 -2.340040 0.878628
1341846333.866045 -1.252174 -2.331039 0.871813
1341846333.897987 -1.263627 -2.321475 0.858921
1341846333.930099 -1.278799 -2.313057 0.839718
1341846333.965889 -1.299301 -2.302270 0.825936
1341846333.997985 -1.312335 -2.292177 0.810918
1341846334.030076 -1.326916 -2.277386 0.807731
1341846334.066000 -1.338869 -2.270078 0.791902
1341846334.097932 -1.346177 -2.270078 0.776741
1341846334.133884 -1.357986 -2.267551 0.762163
1341846334.166115 -1.371509 -2.264738 0.758470
1341846334.198072 -1.374620 -2.262769 0.750238
1341846334.234097 -1.377069 -2.261472 0.751846
1341846334.266045 -1.385822 -2.253296 0.749145
1341846334.297946 -1.398379 -2.244861 0.738648
1341846334.334036 -1.403238 -2.242667 0.730766
1341846334.365871 -1.406908 -2.240405 0.715896
1341846334.401845 -1.414397 -2.233868 0.712687
1341846334.433864 -1.427179 -2.229563 0.709677
1341846334.466105 -1.430256 -2.227660 0.693853
1341846334.502142 -1.436187 -2.227076 0.686667
1341846334.540153 -1.443405 -2.222453 0.684596
1341846334.602351 -1.464642 -2.227544 0.668744
1341846334.670161 -1.474785 -2.229185 0.665939
1341846334.702085 -1.482925 -2.235550 0.663525
1341846334.734751 -1.490659 -2.241811 0.663896
1341846334.770889 -1.493879 -2.252096 0.662913
1341846334.802194 -1.496376 -2.261486 0.668062
1341846334.833908 -1.501864 -2.270357 0.665875
1341846334.869874 -1.506399 -2.285918 0.665900
1341846334.902006 -1.513274 -2.302855 0.670217
1341846334.938010 -1.515302 -2.320748 0.671611
1341846334.970032 -1.511808 -2.326935 0.669858
1341846335.002203 -1.521908 -2.338421 0.669779
1341846335.037880 -1.533852 -2.349652 0.674941
1341846335.069990 -1.535340 -2.359644 0.667935
1341846335.106038 -1.537627 -2.369214 0.660862
1341846335.138045 -1.541280 -2.374480 0.673398
1341846335.169900 -1.560139 -2.384137 0.661953
1341846335.206091 -1.564138 -2.391210 0.661516
1341846335.239365 -1.569586 -2.387699 0.662607
1341846335.269948 -1.580587 -2.394835 0.656880
1341846335.305972 -1.594521 -2.396354 0.654833
1341846335.338012 -1.591306 -2.400725 0.648098
1341846335.374005 -1.604651 -2.405622 0.662080
1341846335.406025 -1.620398 -2.402647 0.661905
1341846335.438079 -1.617747 -2.418533 0.647925
1341846335.473998 -1.618543 -2.424884 0.633877
1341846335.507038 -1.636070 -2.423278 0.645611
1341846335.538040 -1.621837 -2.446194 0.631025
1341846335.574119 -1.638268 -2.443255 0.621179
1341846335.605970 -1.643058 -2.448290 0.623483
1341846335.641978 -1.645316 -2.458265 0.625084
1341846335.673993 -1.651458 -2.467361 0.615143
1341846335.706178 -1.667874 -2.465973 0.608792
1341846335.741982 -1.650824 -2.491823 0.604713
1341846335.773960 -1.667620 -2.496766 0.606646
1341846335.806271 -1.668296 -2.501087 0.588198
1341846335.842031 -1.681526 -2.505568 0.583229
1341846335.873966 -1.692531 -2.513286 0.596582
1341846335.910005 -1.723618 -2.497384 0.587526
1341846335.941936 -1.737130 -2.497305 0.579386
1341846335.974198 -1.737413 -2.506558 0.576424
1341846336.010032 -1.740618 -2.512225 0.569745
1341846336.042129 -1.759493 -2.509372 0.558616
1341846336.078076 -1.753247 -2.530388 0.562264
1341846336.110739 -1.743664 -2.544859 0.565254
1341846336.142002 -1.754730 -2.546551 0.553062
1341846336.183953 -1.761565 -2.550644 0.543538
1341846336.241891 -1.759628 -2.563360 0.538271
1341846336.277946 -1.751567 -2.593964 0.570988
1341846336.309977 -1.789218 -2.565045 0.530462
1341846336.346143 -1.769307 -2.610354 0.564697
1341846336.377975 -1.747049 -2.656145 0.583336
1341846336.410032 -1.728818 -2.698262 0.605954
1341846336.446041 -1.708489 -2.737552 0.630515
1341846336.477990 -1.691815 -2.776021 0.649164
1341846336.510056 -1.677362 -2.811774 0.671395
1341846336.546024 -1.652839 -2.847565 0.704458
1341846336.578003 -1.639120 -2.886134 0.727613
1341846336.614020 -1.612476 -2.922503 0.757781
1341846336.645982 -1.585490 -2.959535 0.793842
1341846336.678036 -1.577199 -2.982557 0.794522
1341846336.714024 -1.545634 -3.011348 0.830109
1341846336.746016 -1.538271 -3.036761 0.843205
1341846336.778014 -1.495665 -3.044924 0.871742
1341846336.820006 -1.488005 -3.058976 0.865753
1341846336.882056 -1.486446 -3.059352 0.872408
1341846336.914273 -1.438722 -3.087393 0.900822
1341846336.945998 -1.404023 -3.123562 0.927282
1341846336.981980 -1.369848 -3.163674 0.945461
1341846337.014238 -1.310892 -3.176662 0.985116
1341846337.046017 -1.276461 -3.164069 1.035532
1341846337.082104 -1.275317 -3.195562 1.034922
1341846337.114317 -1.239269 -3.213006 1.060937
1341846337.150037 -1.202115 -3.220237 1.074028
1341846337.181873 -1.167500 -3.227875 1.098101
1341846337.214073 -1.152141 -3.225590 1.126959
1341846337.250087 -1.103483 -3.247117 1.142391
1341846337.282028 -1.073272 -3.264922 1.158045
1341846337.317920 -1.048699 -3.273454 1.169059
1341846337.350018 -1.031026 -3.289754 1.191079
1341846337.382159 -1.014780 -3.294737 1.195897
1341846337.417941 -1.001925 -3.319640 1.200856
1341846337.450137 -0.999215 -3.344646 1.196933
1341846337.482096 -0.997520 -3.348620 1.188970
1341846337.518008 -0.994153 -3.346418 1.188031
1341846337.549978 -0.990343 -3.359296 1.187366
1341846337.585971 -0.988652 -3.354247 1.193998
1341846337.617903 -0.979486 -3.338052 1.194788
1341846337.650141 -0.977474 -3.354506 1.202476
1341846337.686352 -0.971029 -3.352708 1.208581
1341846337.718002 -0.958552 -3.344126 1.211758
1341846337.749920 -0.954683 -3.348993 1.214256
1341846337.786157 -0.935425 -3.341579 1.217948
1341846337.817945 -0.923557 -3.334523 1.220109
1341846337.854071 -0.908948 -3.335370 1.228051
1341846337.885951 -0.906879 -3.330962 1.209371
1341846337.918223 -0.914177 -3.319670 1.205864
1341846337.954120 -0.907918 -3.312272 1.215545
1341846337.985994 -0.901783 -3.317782 1.191647
1341846338.018107 -0.911075 -3.311796 1.188160
1341846338.054055 -0.872439 -3.310288 1.207110
1341846338.085986 -0.884989 -3.300663 1.197562
1341846338.121875 -0.883157 -3.291335 1.192936
1341846338.154089 -0.869047 -3.283168 1.206662
1341846338.186029 -0.886677 -3.278400 1.189981
1341846338.222071 -0.876380 -3.280388 1.178919
1341846338.254107 -0.847935 -3.262933 1.198213
1341846338.290130 -0.846436 -3.250750 1.208988
1341846338.321952 -0.838269 -3.247041 1.212235
1341846338.354022 -0.834441 -3.238055 1.211005
1341846338.389969 -0.843210 -3.226317 1.205774
1341846338.422377 -0.833710 -3.212133 1.212639
1341846338.454010 -0.832774 -3.209774 1.212901
1341846338.489894 -0.826676 -3.201426 1.211238
1341846338.522066 -0.830222 -3.189801 1.209326
1341846338.558058 -0.832548 -3.185636 1.205844
1341846338.589842 -0.833337 -3.172545 1.199099
1341846338.622019 -0.832149 -3.162877 1.196992
1341846338.657984 -0.828136 -3.163368 1.195709
1341846338.690198 -0.832723 -3.157920 1.192592
1341846338.722454 -0.833748 -3.150413 1.187363
1341846338.757945 -0.830780 -3.139034 1.199011
1341846338.790039 -0.830413 -3.125136 1.187070
1341846338.826048 -0.838660 -3.107836 1.193778
1341846338.858027 -0.831139 -3.112661 1.197864
1341846338.889902 -0.834453 -3.101287 1.186824
1341846338.925948 -0.836199 -3.090596 1.186967
1341846338.958108 -0.831031 -3.079176 1.187819
1341846338.990057 -0.821777 -3.073232 1.185402
1341846339.025928 -0.825080 -3.059544 1.187496
1341846339.057939 -0.817082 -3.057752 1.189526
1341846339.093927 -0.812053 -3.051048 1.186396
1341846339.126562 -0.812516 -3.042103 1.184373
1341846339.157969 -0.801326 -3.033166 1.182711
1341846339.194113 -0.785051 -3.022369 1.189214
1341846339.228165 -0.774433 -3.015630 1.195621
1341846339.257998 -0.768295 -3.002536 1.195644
1341846339.294132 -0.764886 -2.995120 1.199895
1341846339.326577 -0.764634 -2.990173 1.200115
1341846339.362269 -0.764990 -2.979447 1.201219
1341846339.394725 -0.746788 -2.975373 1.198724
1341846339.462186 -0.741152 -2.956137 1.202148
1341846339.496743 -0.742126 -2.953699 1.188842
1341846339.562052 -0.742197 -2.937628 1.190929
1341846339.595122 -0.731369 -2.935721 1.191290
1341846339.632085 -0.724324 -2.926562 1.194907
1341846339.664568 -0.712160 -2.918692 1.200034
1341846339.698896 -0.715999 -2.910724 1.208790
1341846339.731977 -0.705785 -2.900937 1.205478
1341846339.762241 -0.699517 -2.897221 1.206040
1341846339.797873 -0.708384 -2.888176 1.219004
1341846339.830245 -0.705014 -2.879680 1.213814
1341846339.862015 -0.707881 -2.875254 1.214836
1341846339.897797 -0.692647 -2.870242 1.213495
1341846339.929916 -0.689163 -2.857330 1.216495
1341846339.961960 -0.682592 -2.853218 1.223050
1341846339.997845 -0.677839 -2.849093 1.208495
1341846340.029925 -0.672964 -2.839244 1.210924
1341846340.066044 -0.661633 -2.837716 1.209335
1341846340.098009 -0.653680 -2.831645 1.204225
1341846340.130102 -0.659466 -2.822775 1.201225
1341846340.166041 -0.654761 -2.817771 1.212351
1341846340.197867 -0.645184 -2.807244 1.202970
1341846340.229904 -0.639738 -2.800986 1.203706
1341846340.265859 -0.631839 -2.793451 1.206186
1341846340.298061 -0.635042 -2.790561 1.206869
1341846340.334063 -0.622766 -2.785175 1.201403
1341846340.366064 -0.630846 -2.778264 1.214922
1341846340.397995 -0.623264 -2.777540 1.216748
1341846340.433895 -0.626833 -2.773882 1.212094
1341846340.465959 -0.615913 -2.765376 1.213252
1341846340.501858 -0.605011 -2.761155 1.213401
1341846340.534329 -0.589926 -2.759851 1.215637
1341846340.566041 -0.578983 -2.754884 1.213213
1341846340.601909 -0.579357 -2.756085 1.212161
1341846340.634005 -0.575112 -2.757286 1.215468
1341846340.666028 -0.565983 -2.752688 1.217846
1341846340.701946 -0.561228 -2.750800 1.228389
1341846340.733954 -0.555575 -2.750550 1.228848
1341846340.770081 -0.551610 -2.752407 1.223542
1341846340.801980 -0.558033 -2.765867 1.224356
1341846340.833999 -0.559451 -2.767150 1.222411
1341846340.870013 -0.559122 -2.767322 1.225998
1341846340.901955 -0.552596 -2.769466 1.228366
1341846340.933918 -0.548852 -2.771993 1.229224
1341846340.970122 -0.564548 -2.781258 1.224210
1341846341.001922 -0.565661 -2.781147 1.229665
1341846341.037923 -0.565584 -2.778730 1.229262
1341846341.070300 -0.563738 -2.783688 1.229245
1341846341.102028 -0.565278 -2.783873 1.226883
1341846341.137982 -0.562001 -2.784826 1.231689
1341846341.170048 -0.559440 -2.784661 1.231916
1341846341.202110 -0.555825 -2.784016 1.232448
1341846341.237996 -0.559201 -2.787834 1.225758
1341846341.269883 -0.564648 -2.786146 1.225001
1341846341.306107 -0.571276 -2.784579 1.225631
1341846341.338109 -0.573034 -2.785649 1.222409
1341846341.370120 -0.579621 -2.784546 1.227934
1341846341.406074 -0.577043 -2.783492 1.224115
1341846341.438113 -0.576031 -2.788537 1.219518
1341846341.470024 -0.570975 -2.793071 1.222541
1341846341.506077 -0.578628 -2.788278 1.220298
1341846341.538156 -0.587510 -2.785132 1.219215
1341846341.574016 -0.587831 -2.788806 1.210727
1341846341.612466 -0.576231 -2.794334 1.222505
1341846341.643972 -0.572158 -2.795572 1.223423
1341846341.679982 -0.571066 -2.792815 1.228096
1341846341.712332 -0.579274 -2.794611 1.216913
1341846341.744185 -0.580049 -2.800115 1.213295
1341846341.780061 -0.580946 -2.799493 1.211079
1341846341.842595 -0.588517 -2.804808 1.227535
1341846341.906227 -0.584497 -2.809384 1.233744
1341846341.942069 -0.586044 -2.812954 1.243188
1341846341.974775 -0.583798 -2.817495 1.242536
1341846342.010161 -0.589827 -2.819430 1.249902
1341846342.042024 -0.579735 -2.821383 1.261777
1341846342.080032 -0.573944 -2.826678 1.265616
1341846342.112265 -0.576154 -2.829841 1.269372
1341846342.147954 -0.576961 -2.831271 1.284111
1341846342.179852 -0.575635 -2.826407 1.279308
1341846342.211848 -0.572440 -2.826024 1.272467
1341846342.247920 -0.563777 -2.829747 1.279493
1341846342.279870 -0.570652 -2.829033 1.289602
1341846342.316068 -0.570966 -2.831747 1.279192
1341846342.347894 -0.570116 -2.827637 1.293968
1341846342.379953 -0.577240 -2.828153 1.290709
1341846342.416195 -0.572901 -2.828966 1.289629